    1  1.000000000000  0.000000000000
    2  0.990392640202 -0.001126790327
    3  0.961939766256 -0.004387994064
    4  0.915734806151 -0.009455044505
    5  0.853553390593 -0.015859828852
    6  0.777785116510 -0.023065781309
    7  0.691341716183 -0.030504221002
    8  0.597545161008 -0.037568296683
    9  0.500000000000 -0.043591876667
   10  0.402454838992 -0.047858883191
   11  0.308658283817 -0.049675800215
   12  0.222214883490 -0.048501119516
   13  0.146446609407 -0.044082255784
   14  0.084265193849 -0.036529779783
   15  0.038060233744 -0.026276470435
   16  0.009607359798 -0.013919192130
   17  0.000000000000  0.000000000000
   18  0.009607359798  0.013919192130
   19  0.038060233744  0.026276470435
   20  0.084265193849  0.036529779783
   21  0.146446609407  0.044082255784
   22  0.222214883490  0.048501119516
   23  0.308658283817  0.049675800215
   24  0.402454838992  0.047858883191
   25  0.500000000000  0.043591876667
   26  0.597545161008  0.037568296683
   27  0.691341716183  0.030504221002
   28  0.777785116510  0.023065781309
   29  0.853553390593  0.015859828852
   30  0.915734806151  0.009455044505
   31  0.961939766256  0.004387994064
   32  0.990392640202  0.001126790327
   33  1.000000000000 -0.000000000000
