    1  1.000000000000  0.000000000000
    2  0.999397728103 -0.000071026774
    3  0.997592363336 -0.000283621935
    4  0.994588254982 -0.000636338183
    5  0.990392640202 -0.001126790327
    6  0.985015626597 -0.001751694630
    7  0.978470167866 -0.002506921719
    8  0.970772032592 -0.003387560998
    9  0.961939766256 -0.004387994064
   10  0.951994646562 -0.005501974311
   11  0.940960632174 -0.006722709691
   12  0.928864305000 -0.008042945550
   13  0.915734806151 -0.009455044505
   14  0.901603765740 -0.010951060529
   15  0.886505226681 -0.012522804750
   16  0.870475562677 -0.014161900897
   17  0.853553390593 -0.015859828852
   18  0.835779477424 -0.017607955397
   19  0.817196642082 -0.019397551887
   20  0.797849652246 -0.021219799235
   21  0.777785116510 -0.023065781309
   22  0.757051372097 -0.024926468415
   23  0.735698368413 -0.026792693143
   24  0.713777546715 -0.028655121296
   25  0.691341716183 -0.030504221002
   26  0.668444926696 -0.032330233322
   27  0.645142338627 -0.034123147745
   28  0.621490089952 -0.035872685913
   29  0.597545161008 -0.037568296683
   30  0.573365237228 -0.039199165265
   31  0.549008570165 -0.040754238691
   32  0.524533837164 -0.042222269230
   33  0.500000000000 -0.043591876667
   34  0.475466162836 -0.044851629558
   35  0.450991429835 -0.045990144766
   36  0.426634762772 -0.046996203742
   37  0.402454838992 -0.047858883191
   38  0.378509910048 -0.048567697049
   39  0.354857661373 -0.049112745978
   40  0.331555073304 -0.049484870095
   41  0.308658283817 -0.049675800215
   42  0.286222453285 -0.049678302639
   43  0.264301631587 -0.049486312477
   44  0.242948627903 -0.049095050588
   45  0.222214883490 -0.048501119516
   46  0.202150347754 -0.047702574297
   47  0.182803357918 -0.046698964626
   48  0.164220522576 -0.045491345678
   49  0.146446609407 -0.044082255784
   50  0.129524437323 -0.042475660141
   51  0.113494773319 -0.040676860829
   52  0.098396234260 -0.038692374449
   53  0.084265193849 -0.036529779783
   54  0.071135695000 -0.034197538894
   55  0.059039367826 -0.031704795968
   56  0.048005353438 -0.029061159051
   57  0.038060233744 -0.026276470435
   58  0.029227967408 -0.023360571954
   59  0.021529832134 -0.020323071690
   60  0.014984373403 -0.017173118689
   61  0.009607359798 -0.013919192130
   62  0.005411745018 -0.010568911033
   63  0.002407636664 -0.007128870045
   64  0.000602271897 -0.003604506122
   65  0.000000000000  0.000000000000
   66  0.000602271897  0.003604506122
   67  0.002407636664  0.007128870045
   68  0.005411745018  0.010568911033
   69  0.009607359798  0.013919192130
   70  0.014984373403  0.017173118689
   71  0.021529832134  0.020323071690
   72  0.029227967408  0.023360571954
   73  0.038060233744  0.026276470435
   74  0.048005353438  0.029061159051
   75  0.059039367826  0.031704795968
   76  0.071135695000  0.034197538894
   77  0.084265193849  0.036529779783
   78  0.098396234260  0.038692374449
   79  0.113494773319  0.040676860829
   80  0.129524437323  0.042475660141
   81  0.146446609407  0.044082255784
   82  0.164220522576  0.045491345678
   83  0.182803357918  0.046698964626
   84  0.202150347754  0.047702574297
   85  0.222214883490  0.048501119516
   86  0.242948627903  0.049095050588
   87  0.264301631587  0.049486312477
   88  0.286222453285  0.049678302639
   89  0.308658283817  0.049675800215
   90  0.331555073304  0.049484870095
   91  0.354857661373  0.049112745978
   92  0.378509910048  0.048567697049
   93  0.402454838992  0.047858883191
   94  0.426634762772  0.046996203742
   95  0.450991429835  0.045990144766
   96  0.475466162836  0.044851629558
   97  0.500000000000  0.043591876667
   98  0.524533837164  0.042222269230
   99  0.549008570165  0.040754238691
  100  0.573365237228  0.039199165265
  101  0.597545161008  0.037568296683
  102  0.621490089952  0.035872685913
  103  0.645142338627  0.034123147745
  104  0.668444926696  0.032330233322
  105  0.691341716183  0.030504221002
  106  0.713777546715  0.028655121296
  107  0.735698368413  0.026792693143
  108  0.757051372097  0.024926468415
  109  0.777785116510  0.023065781309
  110  0.797849652246  0.021219799235
  111  0.817196642082  0.019397551887
  112  0.835779477424  0.017607955397
  113  0.853553390593  0.015859828852
  114  0.870475562677  0.014161900897
  115  0.886505226681  0.012522804750
  116  0.901603765740  0.010951060529
  117  0.915734806151  0.009455044505
  118  0.928864305000  0.008042945550
  119  0.940960632174  0.006722709691
  120  0.951994646562  0.005501974311
  121  0.961939766256  0.004387994064
  122  0.970772032592  0.003387560998
  123  0.978470167866  0.002506921719
  124  0.985015626597  0.001751694630
  125  0.990392640202  0.001126790327
  126  0.994588254982  0.000636338183
  127  0.997592363336  0.000283621935
  128  0.999397728103  0.000071026774
  129  1.000000000000 -0.000000000000
