    1  1.000000000000  0.000000000000
    2  0.961939766256 -0.006581991097
    3  0.853553390593 -0.023789743278
    4  0.691341716183 -0.045756331504
    5  0.500000000000 -0.065387815001
    6  0.308658283817 -0.074513700323
    7  0.146446609407 -0.066123383676
    8  0.038060233744 -0.039414705653
    9  0.000000000000  0.000000000000
   10  0.038060233744  0.039414705653
   11  0.146446609407  0.066123383676
   12  0.308658283817  0.074513700323
   13  0.500000000000  0.065387815001
   14  0.691341716183  0.045756331504
   15  0.853553390593  0.023789743278
   16  0.961939766256  0.006581991097
   17  1.000000000000 -0.000000000000
