    1  1.000000000000  0.000000000000
    2  0.997592363336 -0.000425432902
    3  0.990392640202 -0.001690185491
    4  0.978470167866 -0.003760382578
    5  0.961939766256 -0.006581991097
    6  0.940960632174 -0.010084064536
    7  0.915734806151 -0.014182566757
    8  0.886505226681 -0.018784207126
    9  0.853553390593 -0.023789743278
   10  0.817196642082 -0.029096327830
   11  0.777785116510 -0.034598671963
   12  0.735698368413 -0.040189039715
   13  0.691341716183 -0.045756331504
   14  0.645142338627 -0.051184721617
   15  0.597545161008 -0.056352445025
   16  0.549008570165 -0.061131358036
   17  0.500000000000 -0.065387815001
   18  0.450991429835 -0.068985217149
   19  0.402454838992 -0.071788324787
   20  0.354857661373 -0.073669118967
   21  0.308658283817 -0.074513700323
   22  0.264301631587 -0.074229468715
   23  0.222214883490 -0.072751679274
   24  0.182803357918 -0.070048446939
   25  0.146446609407 -0.066123383676
   26  0.113494773319 -0.061015291244
   27  0.084265193849 -0.054794669675
   28  0.059039367826 -0.047557193952
   29  0.038060233744 -0.039414705653
   30  0.021529832134 -0.030484607535
   31  0.009607359798 -0.020878788195
   32  0.002407636664 -0.010693305068
   33  0.000000000000  0.000000000000
   34  0.002407636664  0.010693305068
   35  0.009607359798  0.020878788195
   36  0.021529832134  0.030484607535
   37  0.038060233744  0.039414705653
   38  0.059039367826  0.047557193952
   39  0.084265193849  0.054794669675
   40  0.113494773319  0.061015291244
   41  0.146446609407  0.066123383676
   42  0.182803357918  0.070048446939
   43  0.222214883490  0.072751679274
   44  0.264301631587  0.074229468715
   45  0.308658283817  0.074513700323
   46  0.354857661373  0.073669118967
   47  0.402454838992  0.071788324787
   48  0.450991429835  0.068985217149
   49  0.500000000000  0.065387815001
   50  0.549008570165  0.061131358036
   51  0.597545161008  0.056352445025
   52  0.645142338627  0.051184721617
   53  0.691341716183  0.045756331504
   54  0.735698368413  0.040189039715
   55  0.777785116510  0.034598671963
   56  0.817196642082  0.029096327830
   57  0.853553390593  0.023789743278
   58  0.886505226681  0.018784207126
   59  0.915734806151  0.014182566757
   60  0.940960632174  0.010084064536
   61  0.961939766256  0.006581991097
   62  0.978470167866  0.003760382578
   63  0.990392640202  0.001690185491
   64  0.997592363336  0.000425432902
   65  1.000000000000 -0.000000000000
