    1  1.000000000000  0.000000000000
    2  0.990392640202 -0.001690185491
    3  0.961939766256 -0.006581991097
    4  0.915734806151 -0.014182566757
    5  0.853553390593 -0.023789743278
    6  0.777785116510 -0.034598671963
    7  0.691341716183 -0.045756331504
    8  0.597545161008 -0.056352445025
    9  0.500000000000 -0.065387815001
   10  0.402454838992 -0.071788324787
   11  0.308658283817 -0.074513700323
   12  0.222214883490 -0.072751679274
   13  0.146446609407 -0.066123383676
   14  0.084265193849 -0.054794669675
   15  0.038060233744 -0.039414705653
   16  0.009607359798 -0.020878788195
   17  0.000000000000  0.000000000000
   18  0.009607359798  0.020878788195
   19  0.038060233744  0.039414705653
   20  0.084265193849  0.054794669675
   21  0.146446609407  0.066123383676
   22  0.222214883490  0.072751679274
   23  0.308658283817  0.074513700323
   24  0.402454838992  0.071788324787
   25  0.500000000000  0.065387815001
   26  0.597545161008  0.056352445025
   27  0.691341716183  0.045756331504
   28  0.777785116510  0.034598671963
   29  0.853553390593  0.023789743278
   30  0.915734806151  0.014182566757
   31  0.961939766256  0.006581991097
   32  0.990392640202  0.001690185491
   33  1.000000000000 -0.000000000000
