    1  1.000000000000  0.000000000000
    2  0.999962350920 -0.000004441548
    3  0.999849409348 -0.000017764290
    4  0.999661192294 -0.000039962530
    5  0.999397728103 -0.000071026774
    6  0.999059056450 -0.000110943752
    7  0.998645228339 -0.000159696420
    8  0.998156306091 -0.000217263988
    9  0.997592363336 -0.000283621935
   10  0.996953485001 -0.000358742040
   11  0.996239767299 -0.000442592406
   12  0.995451317714 -0.000535137500
   13  0.994588254982 -0.000636338183
   14  0.993650709079 -0.000746151756
   15  0.992638821194 -0.000864532000
   16  0.991552743716 -0.000991429227
   17  0.990392640202 -0.001126790327
   18  0.989158685360 -0.001270558823
   19  0.987851065019 -0.001422674929
   20  0.986469976103 -0.001583075607
   21  0.985015626597 -0.001751694630
   22  0.983488235522 -0.001928462647
   23  0.981888032898 -0.002113307251
   24  0.980215259708 -0.002306153046
   25  0.978470167866 -0.002506921719
   26  0.976653020177 -0.002715532114
   27  0.974764090297 -0.002931900305
   28  0.972803662690 -0.003155939677
   29  0.970772032592 -0.003387560998
   30  0.968669505956 -0.003626672500
   31  0.966496399417 -0.003873179959
   32  0.964253040237 -0.004126986778
   33  0.961939766256 -0.004387994064
   34  0.959556925845 -0.004656100713
   35  0.957104877852 -0.004931203487
   36  0.954583991545 -0.005213197104
   37  0.951994646562 -0.005501974311
   38  0.949337232847 -0.005797425971
   39  0.946612150598 -0.006099441141
   40  0.943819810201 -0.006407907152
   41  0.940960632174 -0.006722709691
   42  0.938035047098 -0.007043732875
   43  0.935043495554 -0.007370859330
   44  0.931986428061 -0.007703970266
   45  0.928864305000 -0.008042945550
   46  0.925677596553 -0.008387663780
   47  0.922426782625 -0.008738002350
   48  0.919112352777 -0.009093837527
   49  0.915734806151 -0.009455044505
   50  0.912294651393 -0.009821497479
   51  0.908792406576 -0.010193069701
   52  0.905228599126 -0.010569633537
   53  0.901603765740 -0.010951060529
   54  0.897918452304 -0.011337221440
   55  0.894173213813 -0.011727986311
   56  0.890368614286 -0.012123224505
   57  0.886505226681 -0.012522804750
   58  0.882583632811 -0.012926595186
   59  0.878604423253 -0.013334463394
   60  0.874568197262 -0.013746276439
   61  0.870475562677 -0.014161900897
   62  0.866327135836 -0.014581202888
   63  0.862123541476 -0.015004048095
   64  0.857865412642 -0.015430301789
   65  0.853553390593 -0.015859828852
   66  0.849188124704 -0.016292493784
   67  0.844770272369 -0.016728160723
   68  0.840300498898 -0.017166693450
   69  0.835779477424 -0.017607955397
   70  0.831207888795 -0.018051809650
   71  0.826586421477 -0.018498118948
   72  0.821915771445 -0.018946745681
   73  0.817196642082 -0.019397551887
   74  0.812429744071 -0.019850399238
   75  0.807615795290 -0.020305149037
   76  0.802755520702 -0.020761662198
   77  0.797849652246 -0.021219799235
   78  0.792898928728 -0.021679420241
   79  0.787904095709 -0.022140384873
   80  0.782865905392 -0.022602552325
   81  0.777785116510 -0.023065781309
   82  0.772662494211 -0.023529930026
   83  0.767498809944 -0.023994856145
   84  0.762294841339 -0.024460416770
   85  0.757051372097 -0.024926468415
   86  0.751769191863 -0.025392866976
   87  0.746449096115 -0.025859467694
   88  0.741091886040 -0.026326125133
   89  0.735698368413 -0.026792693143
   90  0.730269355479 -0.027259024834
   91  0.724805664827 -0.027724972541
   92  0.719308119269 -0.028190387795
   93  0.713777546715 -0.028655121296
   94  0.708214780049 -0.029119022881
   95  0.702620657002 -0.029581941498
   96  0.696996020031 -0.030043725175
   97  0.691341716183 -0.030504221002
   98  0.685658596976 -0.030963275102
   99  0.679947518267 -0.031420732608
  100  0.674209340125 -0.031876437647
  101  0.668444926696 -0.032330233322
  102  0.662655146081 -0.032781961694
  103  0.656840870199 -0.033231463770
  104  0.651002974660 -0.033678579495
  105  0.645142338627 -0.034123147745
  106  0.639259844693 -0.034565006319
  107  0.633356378737 -0.035003991946
  108  0.627432829802 -0.035439940280
  109  0.621490089952 -0.035872685913
  110  0.615529054140 -0.036302062381
  111  0.609550620078 -0.036727902182
  112  0.603555688096 -0.037150036791
  113  0.597545161008 -0.037568296683
  114  0.591519943978 -0.037982511363
  115  0.585480944380 -0.038392509394
  116  0.579429071667 -0.038798118431
  117  0.573365237228 -0.039199165265
  118  0.567290354254 -0.039595475865
  119  0.561205337600 -0.039986875428
  120  0.555111103647 -0.040373188430
  121  0.549008570165 -0.040754238691
  122  0.542898656172 -0.041129849430
  123  0.536782281800 -0.041499843340
  124  0.530660368151 -0.041864042655
  125  0.524533837164 -0.042222269230
  126  0.518403611471 -0.042574344623
  127  0.512270614261 -0.042920090181
  128  0.506135769143 -0.043259327129
  129  0.500000000000 -0.043591876667
  130  0.493864230857 -0.043917560071
  131  0.487729385739 -0.044236198795
  132  0.481596388529 -0.044547614577
  133  0.475466162836 -0.044851629558
  134  0.469339631849 -0.045148066389
  135  0.463217718200 -0.045436748357
  136  0.457101343828 -0.045717499507
  137  0.450991429835 -0.045990144766
  138  0.444888896353 -0.046254510077
  139  0.438794662400 -0.046510422526
  140  0.432709645746 -0.046757710484
  141  0.426634762772 -0.046996203742
  142  0.420570928333 -0.047225733649
  143  0.414519055620 -0.047446133259
  144  0.408480056022 -0.047657237475
  145  0.402454838992 -0.047858883191
  146  0.396444311904 -0.048050909446
  147  0.390449379922 -0.048233157565
  148  0.384470945860 -0.048405471314
  149  0.378509910048 -0.048567697049
  150  0.372567170198 -0.048719683865
  151  0.366643621263 -0.048861283745
  152  0.360740155307 -0.048992351712
  153  0.354857661373 -0.049112745978
  154  0.348997025340 -0.049222328090
  155  0.343159129801 -0.049320963078
  156  0.337344853919 -0.049408519603
  157  0.331555073304 -0.049484870095
  158  0.325790659875 -0.049549890899
  159  0.320052481733 -0.049603462411
  160  0.314341403024 -0.049645469215
  161  0.308658283817 -0.049675800215
  162  0.303003979969 -0.049694348767
  163  0.297379342998 -0.049701012801
  164  0.291785219951 -0.049695694944
  165  0.286222453285 -0.049678302639
  166  0.280691880731 -0.049648748256
  167  0.275194335173 -0.049606949200
  168  0.269730644521 -0.049552828014
  169  0.264301631587 -0.049486312477
  170  0.258908113960 -0.049407335694
  171  0.253550903885 -0.049315836184
  172  0.248230808137 -0.049211757957
  173  0.242948627903 -0.049095050588
  174  0.237705158661 -0.048965669284
  175  0.232501190056 -0.048823574944
  176  0.227337505789 -0.048668734211
  177  0.222214883490 -0.048501119516
  178  0.217134094608 -0.048320709119
  179  0.212095904291 -0.048127487136
  180  0.207101071272 -0.047921443564
  181  0.202150347754 -0.047702574297
  182  0.197244479298 -0.047470881130
  183  0.192384204710 -0.047226371758
  184  0.187570255929 -0.046969059769
  185  0.182803357918 -0.046698964626
  186  0.178084228555 -0.046416111639
  187  0.173413578523 -0.046120531934
  188  0.168792111205 -0.045812262408
  189  0.164220522576 -0.045491345678
  190  0.159699501102 -0.045157830026
  191  0.155229727631 -0.044811769325
  192  0.150811875296 -0.044453222968
  193  0.146446609407 -0.044082255784
  194  0.142134587358 -0.043698937942
  195  0.137876458524 -0.043303344854
  196  0.133672864164 -0.042895557066
  197  0.129524437323 -0.042475660141
  198  0.125431802738 -0.042043744538
  199  0.121395576747 -0.041599905476
  200  0.117416367189 -0.041144242799
  201  0.113494773319 -0.040676860829
  202  0.109631385714 -0.040197868215
  203  0.105826786187 -0.039707377767
  204  0.102081547696 -0.039205506299
  205  0.098396234260 -0.038692374449
  206  0.094771400874 -0.038168106503
  207  0.091207593424 -0.037632830214
  208  0.087705348607 -0.037086676606
  209  0.084265193849 -0.036529779783
  210  0.080887647223 -0.035962276730
  211  0.077573217375 -0.035384307105
  212  0.074322403447 -0.034796013033
  213  0.071135695000 -0.034197538894
  214  0.068013571939 -0.033589031106
  215  0.064956504446 -0.032970637905
  216  0.061964952902 -0.032342509123
  217  0.059039367826 -0.031704795968
  218  0.056180189799 -0.031057650792
  219  0.053387849402 -0.030401226864
  220  0.050662767153 -0.029735678144
  221  0.048005353438 -0.029061159051
  222  0.045416008455 -0.028377824229
  223  0.042895122148 -0.027685828323
  224  0.040443074155 -0.026985325742
  225  0.038060233744 -0.026276470435
  226  0.035746959763 -0.025559415658
  227  0.033503600583 -0.024834313749
  228  0.031330494044 -0.024101315905
  229  0.029227967408 -0.023360571954
  230  0.027196337310 -0.022612230143
  231  0.025235909703 -0.021856436914
  232  0.023346979823 -0.021093336695
  233  0.021529832134 -0.020323071690
  234  0.019784740292 -0.019545781672
  235  0.018111967102 -0.018761603788
  236  0.016511764478 -0.017970672358
  237  0.014984373403 -0.017173118689
  238  0.013530023897 -0.016369070889
  239  0.012148934981 -0.015558653691
  240  0.010841314640 -0.014741988280
  241  0.009607359798 -0.013919192130
  242  0.008447256284 -0.013090378842
  243  0.007361178806 -0.012255658000
  244  0.006349290921 -0.011415135023
  245  0.005411745018 -0.010568911033
  246  0.004548682286 -0.009717082724
  247  0.003760232701 -0.008859742249
  248  0.003046514999 -0.007996977109
  249  0.002407636664 -0.007128870045
  250  0.001843693909 -0.006255498957
  251  0.001354771661 -0.005376936810
  252  0.000940943550 -0.004493251567
  253  0.000602271897 -0.003604506122
  254  0.000338807706 -0.002710758246
  255  0.000150590652 -0.001812060541
  256  0.000037649080 -0.000908460403
  257  0.000000000000  0.000000000000
  258  0.000037649080  0.000908460403
  259  0.000150590652  0.001812060541
  260  0.000338807706  0.002710758246
  261  0.000602271897  0.003604506122
  262  0.000940943550  0.004493251567
  263  0.001354771661  0.005376936810
  264  0.001843693909  0.006255498957
  265  0.002407636664  0.007128870045
  266  0.003046514999  0.007996977109
  267  0.003760232701  0.008859742249
  268  0.004548682286  0.009717082724
  269  0.005411745018  0.010568911033
  270  0.006349290921  0.011415135023
  271  0.007361178806  0.012255658000
  272  0.008447256284  0.013090378842
  273  0.009607359798  0.013919192130
  274  0.010841314640  0.014741988280
  275  0.012148934981  0.015558653691
  276  0.013530023897  0.016369070889
  277  0.014984373403  0.017173118689
  278  0.016511764478  0.017970672358
  279  0.018111967102  0.018761603788
  280  0.019784740292  0.019545781672
  281  0.021529832134  0.020323071690
  282  0.023346979823  0.021093336695
  283  0.025235909703  0.021856436914
  284  0.027196337310  0.022612230143
  285  0.029227967408  0.023360571954
  286  0.031330494044  0.024101315905
  287  0.033503600583  0.024834313749
  288  0.035746959763  0.025559415658
  289  0.038060233744  0.026276470435
  290  0.040443074155  0.026985325742
  291  0.042895122148  0.027685828323
  292  0.045416008455  0.028377824229
  293  0.048005353438  0.029061159051
  294  0.050662767153  0.029735678144
  295  0.053387849402  0.030401226864
  296  0.056180189799  0.031057650792
  297  0.059039367826  0.031704795968
  298  0.061964952902  0.032342509123
  299  0.064956504446  0.032970637905
  300  0.068013571939  0.033589031106
  301  0.071135695000  0.034197538894
  302  0.074322403447  0.034796013033
  303  0.077573217375  0.035384307105
  304  0.080887647223  0.035962276730
  305  0.084265193849  0.036529779783
  306  0.087705348607  0.037086676606
  307  0.091207593424  0.037632830214
  308  0.094771400874  0.038168106503
  309  0.098396234260  0.038692374449
  310  0.102081547696  0.039205506299
  311  0.105826786187  0.039707377767
  312  0.109631385714  0.040197868215
  313  0.113494773319  0.040676860829
  314  0.117416367189  0.041144242799
  315  0.121395576747  0.041599905476
  316  0.125431802738  0.042043744538
  317  0.129524437323  0.042475660141
  318  0.133672864164  0.042895557066
  319  0.137876458524  0.043303344854
  320  0.142134587358  0.043698937942
  321  0.146446609407  0.044082255784
  322  0.150811875296  0.044453222968
  323  0.155229727631  0.044811769325
  324  0.159699501102  0.045157830026
  325  0.164220522576  0.045491345678
  326  0.168792111205  0.045812262408
  327  0.173413578523  0.046120531934
  328  0.178084228555  0.046416111639
  329  0.182803357918  0.046698964626
  330  0.187570255929  0.046969059769
  331  0.192384204710  0.047226371758
  332  0.197244479298  0.047470881130
  333  0.202150347754  0.047702574297
  334  0.207101071272  0.047921443564
  335  0.212095904291  0.048127487136
  336  0.217134094608  0.048320709119
  337  0.222214883490  0.048501119516
  338  0.227337505789  0.048668734211
  339  0.232501190056  0.048823574944
  340  0.237705158661  0.048965669284
  341  0.242948627903  0.049095050588
  342  0.248230808137  0.049211757957
  343  0.253550903885  0.049315836184
  344  0.258908113960  0.049407335694
  345  0.264301631587  0.049486312477
  346  0.269730644521  0.049552828014
  347  0.275194335173  0.049606949200
  348  0.280691880731  0.049648748256
  349  0.286222453285  0.049678302639
  350  0.291785219951  0.049695694944
  351  0.297379342998  0.049701012801
  352  0.303003979969  0.049694348767
  353  0.308658283817  0.049675800215
  354  0.314341403024  0.049645469215
  355  0.320052481733  0.049603462411
  356  0.325790659875  0.049549890899
  357  0.331555073304  0.049484870095
  358  0.337344853919  0.049408519603
  359  0.343159129801  0.049320963078
  360  0.348997025340  0.049222328090
  361  0.354857661373  0.049112745978
  362  0.360740155307  0.048992351712
  363  0.366643621263  0.048861283745
  364  0.372567170198  0.048719683865
  365  0.378509910048  0.048567697049
  366  0.384470945860  0.048405471314
  367  0.390449379922  0.048233157565
  368  0.396444311904  0.048050909446
  369  0.402454838992  0.047858883191
  370  0.408480056022  0.047657237475
  371  0.414519055620  0.047446133259
  372  0.420570928333  0.047225733649
  373  0.426634762772  0.046996203742
  374  0.432709645746  0.046757710484
  375  0.438794662400  0.046510422526
  376  0.444888896353  0.046254510077
  377  0.450991429835  0.045990144766
  378  0.457101343828  0.045717499507
  379  0.463217718200  0.045436748357
  380  0.469339631849  0.045148066389
  381  0.475466162836  0.044851629558
  382  0.481596388529  0.044547614577
  383  0.487729385739  0.044236198795
  384  0.493864230857  0.043917560071
  385  0.500000000000  0.043591876667
  386  0.506135769143  0.043259327129
  387  0.512270614261  0.042920090181
  388  0.518403611471  0.042574344623
  389  0.524533837164  0.042222269230
  390  0.530660368151  0.041864042655
  391  0.536782281800  0.041499843340
  392  0.542898656172  0.041129849430
  393  0.549008570165  0.040754238691
  394  0.555111103647  0.040373188430
  395  0.561205337600  0.039986875428
  396  0.567290354254  0.039595475865
  397  0.573365237228  0.039199165265
  398  0.579429071667  0.038798118431
  399  0.585480944380  0.038392509394
  400  0.591519943978  0.037982511363
  401  0.597545161008  0.037568296683
  402  0.603555688096  0.037150036791
  403  0.609550620078  0.036727902182
  404  0.615529054140  0.036302062381
  405  0.621490089952  0.035872685913
  406  0.627432829802  0.035439940280
  407  0.633356378737  0.035003991946
  408  0.639259844693  0.034565006319
  409  0.645142338627  0.034123147745
  410  0.651002974660  0.033678579495
  411  0.656840870199  0.033231463770
  412  0.662655146081  0.032781961694
  413  0.668444926696  0.032330233322
  414  0.674209340125  0.031876437647
  415  0.679947518267  0.031420732608
  416  0.685658596976  0.030963275102
  417  0.691341716183  0.030504221002
  418  0.696996020031  0.030043725175
  419  0.702620657002  0.029581941498
  420  0.708214780049  0.029119022881
  421  0.713777546715  0.028655121296
  422  0.719308119269  0.028190387795
  423  0.724805664827  0.027724972541
  424  0.730269355479  0.027259024834
  425  0.735698368413  0.026792693143
  426  0.741091886040  0.026326125133
  427  0.746449096115  0.025859467694
  428  0.751769191863  0.025392866976
  429  0.757051372097  0.024926468415
  430  0.762294841339  0.024460416770
  431  0.767498809944  0.023994856145
  432  0.772662494211  0.023529930026
  433  0.777785116510  0.023065781309
  434  0.782865905392  0.022602552325
  435  0.787904095709  0.022140384873
  436  0.792898928728  0.021679420241
  437  0.797849652246  0.021219799235
  438  0.802755520702  0.020761662198
  439  0.807615795290  0.020305149037
  440  0.812429744071  0.019850399238
  441  0.817196642082  0.019397551887
  442  0.821915771445  0.018946745681
  443  0.826586421477  0.018498118948
  444  0.831207888795  0.018051809650
  445  0.835779477424  0.017607955397
  446  0.840300498898  0.017166693450
  447  0.844770272369  0.016728160723
  448  0.849188124704  0.016292493784
  449  0.853553390593  0.015859828852
  450  0.857865412642  0.015430301789
  451  0.862123541476  0.015004048095
  452  0.866327135836  0.014581202888
  453  0.870475562677  0.014161900897
  454  0.874568197262  0.013746276439
  455  0.878604423253  0.013334463394
  456  0.882583632811  0.012926595186
  457  0.886505226681  0.012522804750
  458  0.890368614286  0.012123224505
  459  0.894173213813  0.011727986311
  460  0.897918452304  0.011337221440
  461  0.901603765740  0.010951060529
  462  0.905228599126  0.010569633537
  463  0.908792406576  0.010193069701
  464  0.912294651393  0.009821497479
  465  0.915734806151  0.009455044505
  466  0.919112352777  0.009093837527
  467  0.922426782625  0.008738002350
  468  0.925677596553  0.008387663780
  469  0.928864305000  0.008042945550
  470  0.931986428061  0.007703970266
  471  0.935043495554  0.007370859330
  472  0.938035047098  0.007043732875
  473  0.940960632174  0.006722709691
  474  0.943819810201  0.006407907152
  475  0.946612150598  0.006099441141
  476  0.949337232847  0.005797425971
  477  0.951994646562  0.005501974311
  478  0.954583991545  0.005213197104
  479  0.957104877852  0.004931203487
  480  0.959556925845  0.004656100713
  481  0.961939766256  0.004387994064
  482  0.964253040237  0.004126986778
  483  0.966496399417  0.003873179959
  484  0.968669505956  0.003626672500
  485  0.970772032592  0.003387560998
  486  0.972803662690  0.003155939677
  487  0.974764090297  0.002931900305
  488  0.976653020177  0.002715532114
  489  0.978470167866  0.002506921719
  490  0.980215259708  0.002306153046
  491  0.981888032898  0.002113307251
  492  0.983488235522  0.001928462647
  493  0.985015626597  0.001751694630
  494  0.986469976103  0.001583075607
  495  0.987851065019  0.001422674929
  496  0.989158685360  0.001270558823
  497  0.990392640202  0.001126790327
  498  0.991552743716  0.000991429227
  499  0.992638821194  0.000864532000
  500  0.993650709079  0.000746151756
  501  0.994588254982  0.000636338183
  502  0.995451317714  0.000535137500
  503  0.996239767299  0.000442592406
  504  0.996953485001  0.000358742040
  505  0.997592363336  0.000283621935
  506  0.998156306091  0.000217263988
  507  0.998645228339  0.000159696420
  508  0.999059056450  0.000110943752
  509  0.999397728103  0.000071026774
  510  0.999661192294  0.000039962530
  511  0.999849409348  0.000017764290
  512  0.999962350920  0.000004441548
  513  1.000000000000 -0.000000000000
