    1  1.000000000000  0.000000000000
    2  0.997592363336 -0.000283621935
    3  0.990392640202 -0.001126790327
    4  0.978470167866 -0.002506921719
    5  0.961939766256 -0.004387994064
    6  0.940960632174 -0.006722709691
    7  0.915734806151 -0.009455044505
    8  0.886505226681 -0.012522804750
    9  0.853553390593 -0.015859828852
   10  0.817196642082 -0.019397551887
   11  0.777785116510 -0.023065781309
   12  0.735698368413 -0.026792693143
   13  0.691341716183 -0.030504221002
   14  0.645142338627 -0.034123147745
   15  0.597545161008 -0.037568296683
   16  0.549008570165 -0.040754238691
   17  0.500000000000 -0.043591876667
   18  0.450991429835 -0.045990144766
   19  0.402454838992 -0.047858883191
   20  0.354857661373 -0.049112745978
   21  0.308658283817 -0.049675800215
   22  0.264301631587 -0.049486312477
   23  0.222214883490 -0.048501119516
   24  0.182803357918 -0.046698964626
   25  0.146446609407 -0.044082255784
   26  0.113494773319 -0.040676860829
   27  0.084265193849 -0.036529779783
   28  0.059039367826 -0.031704795968
   29  0.038060233744 -0.026276470435
   30  0.021529832134 -0.020323071690
   31  0.009607359798 -0.013919192130
   32  0.002407636664 -0.007128870045
   33  0.000000000000  0.000000000000
   34  0.002407636664  0.007128870045
   35  0.009607359798  0.013919192130
   36  0.021529832134  0.020323071690
   37  0.038060233744  0.026276470435
   38  0.059039367826  0.031704795968
   39  0.084265193849  0.036529779783
   40  0.113494773319  0.040676860829
   41  0.146446609407  0.044082255784
   42  0.182803357918  0.046698964626
   43  0.222214883490  0.048501119516
   44  0.264301631587  0.049486312477
   45  0.308658283817  0.049675800215
   46  0.354857661373  0.049112745978
   47  0.402454838992  0.047858883191
   48  0.450991429835  0.045990144766
   49  0.500000000000  0.043591876667
   50  0.549008570165  0.040754238691
   51  0.597545161008  0.037568296683
   52  0.645142338627  0.034123147745
   53  0.691341716183  0.030504221002
   54  0.735698368413  0.026792693143
   55  0.777785116510  0.023065781309
   56  0.817196642082  0.019397551887
   57  0.853553390593  0.015859828852
   58  0.886505226681  0.012522804750
   59  0.915734806151  0.009455044505
   60  0.940960632174  0.006722709691
   61  0.961939766256  0.004387994064
   62  0.978470167866  0.002506921719
   63  0.990392640202  0.001126790327
   64  0.997592363336  0.000283621935
   65  1.000000000000 -0.000000000000
