    1  1.000000000000  0.000000000000
    2  0.999397728103 -0.000106540161
    3  0.997592363336 -0.000425432902
    4  0.994588254982 -0.000954507275
    5  0.990392640202 -0.001690185491
    6  0.985015626597 -0.002627541945
    7  0.978470167866 -0.003760382578
    8  0.970772032592 -0.005081341497
    9  0.961939766256 -0.006581991097
   10  0.951994646562 -0.008252961467
   11  0.940960632174 -0.010084064536
   12  0.928864305000 -0.012064418325
   13  0.915734806151 -0.014182566757
   14  0.901603765740 -0.016426590793
   15  0.886505226681 -0.018784207126
   16  0.870475562677 -0.021242851346
   17  0.853553390593 -0.023789743278
   18  0.835779477424 -0.026411933096
   19  0.817196642082 -0.029096327830
   20  0.797849652246 -0.031829698852
   21  0.777785116510 -0.034598671963
   22  0.757051372097 -0.037389702623
   23  0.735698368413 -0.040189039715
   24  0.713777546715 -0.042982681944
   25  0.691341716183 -0.045756331504
   26  0.668444926696 -0.048495349983
   27  0.645142338627 -0.051184721617
   28  0.621490089952 -0.053809028870
   29  0.597545161008 -0.056352445025
   30  0.573365237228 -0.058798747898
   31  0.549008570165 -0.061131358036
   32  0.524533837164 -0.063333403845
   33  0.500000000000 -0.065387815001
   34  0.475466162836 -0.067277444337
   35  0.450991429835 -0.068985217149
   36  0.426634762772 -0.070494305612
   37  0.402454838992 -0.071788324787
   38  0.378509910048 -0.072851545574
   39  0.354857661373 -0.073669118967
   40  0.331555073304 -0.074227305143
   41  0.308658283817 -0.074513700323
   42  0.286222453285 -0.074517453958
   43  0.264301631587 -0.074229468715
   44  0.242948627903 -0.073642575882
   45  0.222214883490 -0.072751679274
   46  0.202150347754 -0.071553861446
   47  0.182803357918 -0.070048446939
   48  0.164220522576 -0.068237018518
   49  0.146446609407 -0.066123383676
   50  0.129524437323 -0.063713490212
   51  0.113494773319 -0.061015291244
   52  0.098396234260 -0.058038561673
   53  0.084265193849 -0.054794669675
   54  0.071135695000 -0.051296308341
   55  0.059039367826 -0.047557193952
   56  0.048005353438 -0.043591738576
   57  0.038060233744 -0.039414705653
   58  0.029227967408 -0.035040857931
   59  0.021529832134 -0.030484607535
   60  0.014984373403 -0.025759678033
   61  0.009607359798 -0.020878788195
   62  0.005411745018 -0.015853366549
   63  0.002407636664 -0.010693305068
   64  0.000602271897 -0.005406759183
   65  0.000000000000  0.000000000000
   66  0.000602271897  0.005406759183
   67  0.002407636664  0.010693305068
   68  0.005411745018  0.015853366549
   69  0.009607359798  0.020878788195
   70  0.014984373403  0.025759678033
   71  0.021529832134  0.030484607535
   72  0.029227967408  0.035040857931
   73  0.038060233744  0.039414705653
   74  0.048005353438  0.043591738576
   75  0.059039367826  0.047557193952
   76  0.071135695000  0.051296308341
   77  0.084265193849  0.054794669675
   78  0.098396234260  0.058038561673
   79  0.113494773319  0.061015291244
   80  0.129524437323  0.063713490212
   81  0.146446609407  0.066123383676
   82  0.164220522576  0.068237018518
   83  0.182803357918  0.070048446939
   84  0.202150347754  0.071553861446
   85  0.222214883490  0.072751679274
   86  0.242948627903  0.073642575882
   87  0.264301631587  0.074229468715
   88  0.286222453285  0.074517453958
   89  0.308658283817  0.074513700323
   90  0.331555073304  0.074227305143
   91  0.354857661373  0.073669118967
   92  0.378509910048  0.072851545574
   93  0.402454838992  0.071788324787
   94  0.426634762772  0.070494305612
   95  0.450991429835  0.068985217149
   96  0.475466162836  0.067277444337
   97  0.500000000000  0.065387815001
   98  0.524533837164  0.063333403845
   99  0.549008570165  0.061131358036
  100  0.573365237228  0.058798747898
  101  0.597545161008  0.056352445025
  102  0.621490089952  0.053809028870
  103  0.645142338627  0.051184721617
  104  0.668444926696  0.048495349983
  105  0.691341716183  0.045756331504
  106  0.713777546715  0.042982681944
  107  0.735698368413  0.040189039715
  108  0.757051372097  0.037389702623
  109  0.777785116510  0.034598671963
  110  0.797849652246  0.031829698852
  111  0.817196642082  0.029096327830
  112  0.835779477424  0.026411933096
  113  0.853553390593  0.023789743278
  114  0.870475562677  0.021242851346
  115  0.886505226681  0.018784207126
  116  0.901603765740  0.016426590793
  117  0.915734806151  0.014182566757
  118  0.928864305000  0.012064418325
  119  0.940960632174  0.010084064536
  120  0.951994646562  0.008252961467
  121  0.961939766256  0.006581991097
  122  0.970772032592  0.005081341497
  123  0.978470167866  0.003760382578
  124  0.985015626597  0.002627541945
  125  0.990392640202  0.001690185491
  126  0.994588254982  0.000954507275
  127  0.997592363336  0.000425432902
  128  0.999397728103  0.000106540161
  129  1.000000000000 -0.000000000000
