    1  1.000000000000  0.000000000000
    2  0.961939766256 -0.004387994064
    3  0.853553390593 -0.015859828852
    4  0.691341716183 -0.030504221002
    5  0.500000000000 -0.043591876667
    6  0.308658283817 -0.049675800215
    7  0.146446609407 -0.044082255784
    8  0.038060233744 -0.026276470435
    9  0.000000000000  0.000000000000
   10  0.038060233744  0.026276470435
   11  0.146446609407  0.044082255784
   12  0.308658283817  0.049675800215
   13  0.500000000000  0.043591876667
   14  0.691341716183  0.030504221002
   15  0.853553390593  0.015859828852
   16  0.961939766256  0.004387994064
   17  1.000000000000 -0.000000000000
