    1  1.000000000000  0.000000000000
    2  0.999962350920 -0.000006662321
    3  0.999849409348 -0.000026646436
    4  0.999661192294 -0.000059943794
    5  0.999397728103 -0.000106540161
    6  0.999059056450 -0.000166415627
    7  0.998645228339 -0.000239544630
    8  0.998156306091 -0.000325895981
    9  0.997592363336 -0.000425432902
   10  0.996953485001 -0.000538113059
   11  0.996239767299 -0.000663888609
   12  0.995451317714 -0.000802706250
   13  0.994588254982 -0.000954507275
   14  0.993650709079 -0.001119227634
   15  0.992638821194 -0.001296798001
   16  0.991552743716 -0.001487143841
   17  0.990392640202 -0.001690185491
   18  0.989158685360 -0.001905838235
   19  0.987851065019 -0.002134012394
   20  0.986469976103 -0.002374613410
   21  0.985015626597 -0.002627541945
   22  0.983488235522 -0.002892693971
   23  0.981888032898 -0.003169960877
   24  0.980215259708 -0.003459229569
   25  0.978470167866 -0.003760382578
   26  0.976653020177 -0.004073298170
   27  0.974764090297 -0.004397850458
   28  0.972803662690 -0.004733909516
   29  0.970772032592 -0.005081341497
   30  0.968669505956 -0.005440008749
   31  0.966496399417 -0.005809769939
   32  0.964253040237 -0.006190480167
   33  0.961939766256 -0.006581991097
   34  0.959556925845 -0.006984151069
   35  0.957104877852 -0.007396805231
   36  0.954583991545 -0.007819795656
   37  0.951994646562 -0.008252961467
   38  0.949337232847 -0.008696138956
   39  0.946612150598 -0.009149161711
   40  0.943819810201 -0.009611860728
   41  0.940960632174 -0.010084064536
   42  0.938035047098 -0.010565599312
   43  0.935043495554 -0.011056288995
   44  0.931986428061 -0.011555955399
   45  0.928864305000 -0.012064418325
   46  0.925677596553 -0.012581495669
   47  0.922426782625 -0.013107003526
   48  0.919112352777 -0.013640756290
   49  0.915734806151 -0.014182566757
   50  0.912294651393 -0.014732246219
   51  0.908792406576 -0.015289604551
   52  0.905228599126 -0.015854450306
   53  0.901603765740 -0.016426590793
   54  0.897918452304 -0.017005832160
   55  0.894173213813 -0.017591979467
   56  0.890368614286 -0.018184836757
   57  0.886505226681 -0.018784207126
   58  0.882583632811 -0.019389892778
   59  0.878604423253 -0.020001695090
   60  0.874568197262 -0.020619414658
   61  0.870475562677 -0.021242851346
   62  0.866327135836 -0.021871804332
   63  0.862123541476 -0.022506072142
   64  0.857865412642 -0.023145452684
   65  0.853553390593 -0.023789743278
   66  0.849188124704 -0.024438740676
   67  0.844770272369 -0.025092241084
   68  0.840300498898 -0.025750040175
   69  0.835779477424 -0.026411933096
   70  0.831207888795 -0.027077714475
   71  0.826586421477 -0.027747178422
   72  0.821915771445 -0.028420118522
   73  0.817196642082 -0.029096327830
   74  0.812429744071 -0.029775598857
   75  0.807615795290 -0.030457723555
   76  0.802755520702 -0.031142493297
   77  0.797849652246 -0.031829698852
   78  0.792898928728 -0.032519130362
   79  0.787904095709 -0.033210577310
   80  0.782865905392 -0.033903828488
   81  0.777785116510 -0.034598671963
   82  0.772662494211 -0.035294895039
   83  0.767498809944 -0.035992284217
   84  0.762294841339 -0.036690625155
   85  0.757051372097 -0.037389702623
   86  0.751769191863 -0.038089300464
   87  0.746449096115 -0.038789201541
   88  0.741091886040 -0.039489187699
   89  0.735698368413 -0.040189039715
   90  0.730269355479 -0.040888537251
   91  0.724805664827 -0.041587458811
   92  0.719308119269 -0.042285581692
   93  0.713777546715 -0.042982681944
   94  0.708214780049 -0.043678534322
   95  0.702620657002 -0.044372912246
   96  0.696996020031 -0.045065587763
   97  0.691341716183 -0.045756331504
   98  0.685658596976 -0.046444912653
   99  0.679947518267 -0.047131098911
  100  0.674209340125 -0.047814656471
  101  0.668444926696 -0.048495349983
  102  0.662655146081 -0.049172942541
  103  0.656840870199 -0.049847195655
  104  0.651002974660 -0.050517869243
  105  0.645142338627 -0.051184721617
  106  0.639259844693 -0.051847509479
  107  0.633356378737 -0.052505987919
  108  0.627432829802 -0.053159910420
  109  0.621490089952 -0.053809028870
  110  0.615529054140 -0.054453093572
  111  0.609550620078 -0.055091853273
  112  0.603555688096 -0.055725055186
  113  0.597545161008 -0.056352445025
  114  0.591519943978 -0.056973767045
  115  0.585480944380 -0.057588764091
  116  0.579429071667 -0.058197177647
  117  0.573365237228 -0.058798747898
  118  0.567290354254 -0.059393213798
  119  0.561205337600 -0.059980313141
  120  0.555111103647 -0.060559782645
  121  0.549008570165 -0.061131358036
  122  0.542898656172 -0.061694774146
  123  0.536782281800 -0.062249765010
  124  0.530660368151 -0.062796063982
  125  0.524533837164 -0.063333403845
  126  0.518403611471 -0.063861516935
  127  0.512270614261 -0.064380135272
  128  0.506135769143 -0.064888990693
  129  0.500000000000 -0.065387815001
  130  0.493864230857 -0.065876340107
  131  0.487729385739 -0.066354298192
  132  0.481596388529 -0.066821421866
  133  0.475466162836 -0.067277444337
  134  0.469339631849 -0.067722099583
  135  0.463217718200 -0.068155122536
  136  0.457101343828 -0.068576249260
  137  0.450991429835 -0.068985217149
  138  0.444888896353 -0.069381765115
  139  0.438794662400 -0.069765633789
  140  0.432709645746 -0.070136565727
  141  0.426634762772 -0.070494305612
  142  0.420570928333 -0.070838600473
  143  0.414519055620 -0.071169199889
  144  0.408480056022 -0.071485856212
  145  0.402454838992 -0.071788324787
  146  0.396444311904 -0.072076364169
  147  0.390449379922 -0.072349736347
  148  0.384470945860 -0.072608206971
  149  0.378509910048 -0.072851545574
  150  0.372567170198 -0.073079525798
  151  0.366643621263 -0.073291925618
  152  0.360740155307 -0.073488527568
  153  0.354857661373 -0.073669118967
  154  0.348997025340 -0.073833492135
  155  0.343159129801 -0.073981444618
  156  0.337344853919 -0.074112779405
  157  0.331555073304 -0.074227305143
  158  0.325790659875 -0.074324836349
  159  0.320052481733 -0.074405193616
  160  0.314341403024 -0.074468203822
  161  0.308658283817 -0.074513700323
  162  0.303003979969 -0.074541523150
  163  0.297379342998 -0.074551519201
  164  0.291785219951 -0.074543542415
  165  0.286222453285 -0.074517453958
  166  0.280691880731 -0.074473122383
  167  0.275194335173 -0.074410423799
  168  0.269730644521 -0.074329242021
  169  0.264301631587 -0.074229468715
  170  0.258908113960 -0.074111003542
  171  0.253550903885 -0.073973754276
  172  0.248230808137 -0.073817636935
  173  0.242948627903 -0.073642575882
  174  0.237705158661 -0.073448503926
  175  0.232501190056 -0.073235362416
  176  0.227337505789 -0.073003101317
  177  0.222214883490 -0.072751679274
  178  0.217134094608 -0.072481063678
  179  0.212095904291 -0.072191230703
  180  0.207101071272 -0.071882165346
  181  0.202150347754 -0.071553861446
  182  0.197244479298 -0.071206321695
  183  0.192384204710 -0.070839557637
  184  0.187570255929 -0.070453589654
  185  0.182803357918 -0.070048446939
  186  0.178084228555 -0.069624167459
  187  0.173413578523 -0.069180797902
  188  0.168792111205 -0.068718393612
  189  0.164220522576 -0.068237018518
  190  0.159699501102 -0.067736745039
  191  0.155229727631 -0.067217653987
  192  0.150811875296 -0.066679834453
  193  0.146446609407 -0.066123383676
  194  0.142134587358 -0.065548406913
  195  0.137876458524 -0.064955017281
  196  0.133672864164 -0.064343335599
  197  0.129524437323 -0.063713490212
  198  0.125431802738 -0.063065616807
  199  0.121395576747 -0.062399858214
  200  0.117416367189 -0.061716364198
  201  0.113494773319 -0.061015291244
  202  0.109631385714 -0.060296802322
  203  0.105826786187 -0.059561066651
  204  0.102081547696 -0.058808259448
  205  0.098396234260 -0.058038561673
  206  0.094771400874 -0.057252159755
  207  0.091207593424 -0.056449245321
  208  0.087705348607 -0.055630014909
  209  0.084265193849 -0.054794669675
  210  0.080887647223 -0.053943415095
  211  0.077573217375 -0.053076460657
  212  0.074322403447 -0.052194019549
  213  0.071135695000 -0.051296308341
  214  0.068013571939 -0.050383546659
  215  0.064956504446 -0.049455956857
  216  0.061964952902 -0.048513763685
  217  0.059039367826 -0.047557193952
  218  0.056180189799 -0.046586476188
  219  0.053387849402 -0.045601840296
  220  0.050662767153 -0.044603517216
  221  0.048005353438 -0.043591738576
  222  0.045416008455 -0.042566736344
  223  0.042895122148 -0.041528742484
  224  0.040443074155 -0.040477988613
  225  0.038060233744 -0.039414705653
  226  0.035746959763 -0.038339123487
  227  0.033503600583 -0.037251470624
  228  0.031330494044 -0.036151973857
  229  0.029227967408 -0.035040857931
  230  0.027196337310 -0.033918345215
  231  0.025235909703 -0.032784655372
  232  0.023346979823 -0.031640005043
  233  0.021529832134 -0.030484607535
  234  0.019784740292 -0.029318672508
  235  0.018111967102 -0.028142405682
  236  0.016511764478 -0.026956008537
  237  0.014984373403 -0.025759678033
  238  0.013530023897 -0.024553606333
  239  0.012148934981 -0.023337980536
  240  0.010841314640 -0.022112982420
  241  0.009607359798 -0.020878788195
  242  0.008447256284 -0.019635568263
  243  0.007361178806 -0.018383487001
  244  0.006349290921 -0.017122702535
  245  0.005411745018 -0.015853366549
  246  0.004548682286 -0.014575624086
  247  0.003760232701 -0.013289613374
  248  0.003046514999 -0.011995465663
  249  0.002407636664 -0.010693305068
  250  0.001843693909 -0.009383248435
  251  0.001354771661 -0.008065405214
  252  0.000940943550 -0.006739877350
  253  0.000602271897 -0.005406759183
  254  0.000338807706 -0.004066137369
  255  0.000150590652 -0.002718090812
  256  0.000037649080 -0.001362690605
  257  0.000000000000  0.000000000000
  258  0.000037649080  0.001362690605
  259  0.000150590652  0.002718090812
  260  0.000338807706  0.004066137369
  261  0.000602271897  0.005406759183
  262  0.000940943550  0.006739877350
  263  0.001354771661  0.008065405214
  264  0.001843693909  0.009383248435
  265  0.002407636664  0.010693305068
  266  0.003046514999  0.011995465663
  267  0.003760232701  0.013289613374
  268  0.004548682286  0.014575624086
  269  0.005411745018  0.015853366549
  270  0.006349290921  0.017122702535
  271  0.007361178806  0.018383487001
  272  0.008447256284  0.019635568263
  273  0.009607359798  0.020878788195
  274  0.010841314640  0.022112982420
  275  0.012148934981  0.023337980536
  276  0.013530023897  0.024553606333
  277  0.014984373403  0.025759678033
  278  0.016511764478  0.026956008537
  279  0.018111967102  0.028142405682
  280  0.019784740292  0.029318672508
  281  0.021529832134  0.030484607535
  282  0.023346979823  0.031640005043
  283  0.025235909703  0.032784655372
  284  0.027196337310  0.033918345215
  285  0.029227967408  0.035040857931
  286  0.031330494044  0.036151973857
  287  0.033503600583  0.037251470624
  288  0.035746959763  0.038339123487
  289  0.038060233744  0.039414705653
  290  0.040443074155  0.040477988613
  291  0.042895122148  0.041528742484
  292  0.045416008455  0.042566736344
  293  0.048005353438  0.043591738576
  294  0.050662767153  0.044603517216
  295  0.053387849402  0.045601840296
  296  0.056180189799  0.046586476188
  297  0.059039367826  0.047557193952
  298  0.061964952902  0.048513763685
  299  0.064956504446  0.049455956857
  300  0.068013571939  0.050383546659
  301  0.071135695000  0.051296308341
  302  0.074322403447  0.052194019549
  303  0.077573217375  0.053076460657
  304  0.080887647223  0.053943415095
  305  0.084265193849  0.054794669675
  306  0.087705348607  0.055630014909
  307  0.091207593424  0.056449245321
  308  0.094771400874  0.057252159755
  309  0.098396234260  0.058038561673
  310  0.102081547696  0.058808259448
  311  0.105826786187  0.059561066651
  312  0.109631385714  0.060296802322
  313  0.113494773319  0.061015291244
  314  0.117416367189  0.061716364198
  315  0.121395576747  0.062399858214
  316  0.125431802738  0.063065616807
  317  0.129524437323  0.063713490212
  318  0.133672864164  0.064343335599
  319  0.137876458524  0.064955017281
  320  0.142134587358  0.065548406913
  321  0.146446609407  0.066123383676
  322  0.150811875296  0.066679834453
  323  0.155229727631  0.067217653987
  324  0.159699501102  0.067736745039
  325  0.164220522576  0.068237018518
  326  0.168792111205  0.068718393612
  327  0.173413578523  0.069180797902
  328  0.178084228555  0.069624167459
  329  0.182803357918  0.070048446939
  330  0.187570255929  0.070453589654
  331  0.192384204710  0.070839557637
  332  0.197244479298  0.071206321695
  333  0.202150347754  0.071553861446
  334  0.207101071272  0.071882165346
  335  0.212095904291  0.072191230703
  336  0.217134094608  0.072481063678
  337  0.222214883490  0.072751679274
  338  0.227337505789  0.073003101317
  339  0.232501190056  0.073235362416
  340  0.237705158661  0.073448503926
  341  0.242948627903  0.073642575882
  342  0.248230808137  0.073817636935
  343  0.253550903885  0.073973754276
  344  0.258908113960  0.074111003542
  345  0.264301631587  0.074229468715
  346  0.269730644521  0.074329242021
  347  0.275194335173  0.074410423799
  348  0.280691880731  0.074473122383
  349  0.286222453285  0.074517453958
  350  0.291785219951  0.074543542415
  351  0.297379342998  0.074551519201
  352  0.303003979969  0.074541523150
  353  0.308658283817  0.074513700323
  354  0.314341403024  0.074468203822
  355  0.320052481733  0.074405193616
  356  0.325790659875  0.074324836349
  357  0.331555073304  0.074227305143
  358  0.337344853919  0.074112779405
  359  0.343159129801  0.073981444618
  360  0.348997025340  0.073833492135
  361  0.354857661373  0.073669118967
  362  0.360740155307  0.073488527568
  363  0.366643621263  0.073291925618
  364  0.372567170198  0.073079525798
  365  0.378509910048  0.072851545574
  366  0.384470945860  0.072608206971
  367  0.390449379922  0.072349736347
  368  0.396444311904  0.072076364169
  369  0.402454838992  0.071788324787
  370  0.408480056022  0.071485856212
  371  0.414519055620  0.071169199889
  372  0.420570928333  0.070838600473
  373  0.426634762772  0.070494305612
  374  0.432709645746  0.070136565727
  375  0.438794662400  0.069765633789
  376  0.444888896353  0.069381765115
  377  0.450991429835  0.068985217149
  378  0.457101343828  0.068576249260
  379  0.463217718200  0.068155122536
  380  0.469339631849  0.067722099583
  381  0.475466162836  0.067277444337
  382  0.481596388529  0.066821421866
  383  0.487729385739  0.066354298192
  384  0.493864230857  0.065876340107
  385  0.500000000000  0.065387815001
  386  0.506135769143  0.064888990693
  387  0.512270614261  0.064380135272
  388  0.518403611471  0.063861516935
  389  0.524533837164  0.063333403845
  390  0.530660368151  0.062796063982
  391  0.536782281800  0.062249765010
  392  0.542898656172  0.061694774146
  393  0.549008570165  0.061131358036
  394  0.555111103647  0.060559782645
  395  0.561205337600  0.059980313141
  396  0.567290354254  0.059393213798
  397  0.573365237228  0.058798747898
  398  0.579429071667  0.058197177647
  399  0.585480944380  0.057588764091
  400  0.591519943978  0.056973767045
  401  0.597545161008  0.056352445025
  402  0.603555688096  0.055725055186
  403  0.609550620078  0.055091853273
  404  0.615529054140  0.054453093572
  405  0.621490089952  0.053809028870
  406  0.627432829802  0.053159910420
  407  0.633356378737  0.052505987919
  408  0.639259844693  0.051847509479
  409  0.645142338627  0.051184721617
  410  0.651002974660  0.050517869243
  411  0.656840870199  0.049847195655
  412  0.662655146081  0.049172942541
  413  0.668444926696  0.048495349983
  414  0.674209340125  0.047814656471
  415  0.679947518267  0.047131098911
  416  0.685658596976  0.046444912653
  417  0.691341716183  0.045756331504
  418  0.696996020031  0.045065587763
  419  0.702620657002  0.044372912246
  420  0.708214780049  0.043678534322
  421  0.713777546715  0.042982681944
  422  0.719308119269  0.042285581692
  423  0.724805664827  0.041587458811
  424  0.730269355479  0.040888537251
  425  0.735698368413  0.040189039715
  426  0.741091886040  0.039489187699
  427  0.746449096115  0.038789201541
  428  0.751769191863  0.038089300464
  429  0.757051372097  0.037389702623
  430  0.762294841339  0.036690625155
  431  0.767498809944  0.035992284217
  432  0.772662494211  0.035294895039
  433  0.777785116510  0.034598671963
  434  0.782865905392  0.033903828488
  435  0.787904095709  0.033210577310
  436  0.792898928728  0.032519130362
  437  0.797849652246  0.031829698852
  438  0.802755520702  0.031142493297
  439  0.807615795290  0.030457723555
  440  0.812429744071  0.029775598857
  441  0.817196642082  0.029096327830
  442  0.821915771445  0.028420118522
  443  0.826586421477  0.027747178422
  444  0.831207888795  0.027077714475
  445  0.835779477424  0.026411933096
  446  0.840300498898  0.025750040175
  447  0.844770272369  0.025092241084
  448  0.849188124704  0.024438740676
  449  0.853553390593  0.023789743278
  450  0.857865412642  0.023145452684
  451  0.862123541476  0.022506072142
  452  0.866327135836  0.021871804332
  453  0.870475562677  0.021242851346
  454  0.874568197262  0.020619414658
  455  0.878604423253  0.020001695090
  456  0.882583632811  0.019389892778
  457  0.886505226681  0.018784207126
  458  0.890368614286  0.018184836757
  459  0.894173213813  0.017591979467
  460  0.897918452304  0.017005832160
  461  0.901603765740  0.016426590793
  462  0.905228599126  0.015854450306
  463  0.908792406576  0.015289604551
  464  0.912294651393  0.014732246219
  465  0.915734806151  0.014182566757
  466  0.919112352777  0.013640756290
  467  0.922426782625  0.013107003526
  468  0.925677596553  0.012581495669
  469  0.928864305000  0.012064418325
  470  0.931986428061  0.011555955399
  471  0.935043495554  0.011056288995
  472  0.938035047098  0.010565599312
  473  0.940960632174  0.010084064536
  474  0.943819810201  0.009611860728
  475  0.946612150598  0.009149161711
  476  0.949337232847  0.008696138956
  477  0.951994646562  0.008252961467
  478  0.954583991545  0.007819795656
  479  0.957104877852  0.007396805231
  480  0.959556925845  0.006984151069
  481  0.961939766256  0.006581991097
  482  0.964253040237  0.006190480167
  483  0.966496399417  0.005809769939
  484  0.968669505956  0.005440008749
  485  0.970772032592  0.005081341497
  486  0.972803662690  0.004733909516
  487  0.974764090297  0.004397850458
  488  0.976653020177  0.004073298170
  489  0.978470167866  0.003760382578
  490  0.980215259708  0.003459229569
  491  0.981888032898  0.003169960877
  492  0.983488235522  0.002892693971
  493  0.985015626597  0.002627541945
  494  0.986469976103  0.002374613410
  495  0.987851065019  0.002134012394
  496  0.989158685360  0.001905838235
  497  0.990392640202  0.001690185491
  498  0.991552743716  0.001487143841
  499  0.992638821194  0.001296798001
  500  0.993650709079  0.001119227634
  501  0.994588254982  0.000954507275
  502  0.995451317714  0.000802706250
  503  0.996239767299  0.000663888609
  504  0.996953485001  0.000538113059
  505  0.997592363336  0.000425432902
  506  0.998156306091  0.000325895981
  507  0.998645228339  0.000239544630
  508  0.999059056450  0.000166415627
  509  0.999397728103  0.000106540161
  510  0.999661192294  0.000059943794
  511  0.999849409348  0.000026646436
  512  0.999962350920  0.000006662321
  513  1.000000000000 -0.000000000000
