    1  1.000000000000  0.000000000000
    2  0.999849409348 -0.000026646436
    3  0.999397728103 -0.000106540161
    4  0.998645228339 -0.000239544630
    5  0.997592363336 -0.000425432902
    6  0.996239767299 -0.000663888609
    7  0.994588254982 -0.000954507275
    8  0.992638821194 -0.001296798001
    9  0.990392640202 -0.001690185491
   10  0.987851065019 -0.002134012394
   11  0.985015626597 -0.002627541945
   12  0.981888032898 -0.003169960877
   13  0.978470167866 -0.003760382578
   14  0.974764090297 -0.004397850458
   15  0.970772032592 -0.005081341497
   16  0.966496399417 -0.005809769939
   17  0.961939766256 -0.006581991097
   18  0.957104877852 -0.007396805231
   19  0.951994646562 -0.008252961467
   20  0.946612150598 -0.009149161711
   21  0.940960632174 -0.010084064536
   22  0.935043495554 -0.011056288995
   23  0.928864305000 -0.012064418325
   24  0.922426782625 -0.013107003526
   25  0.915734806151 -0.014182566757
   26  0.908792406576 -0.015289604551
   27  0.901603765740 -0.016426590793
   28  0.894173213813 -0.017591979467
   29  0.886505226681 -0.018784207126
   30  0.878604423253 -0.020001695090
   31  0.870475562677 -0.021242851346
   32  0.862123541476 -0.022506072142
   33  0.853553390593 -0.023789743278
   34  0.844770272369 -0.025092241084
   35  0.835779477424 -0.026411933096
   36  0.826586421477 -0.027747178422
   37  0.817196642082 -0.029096327830
   38  0.807615795290 -0.030457723555
   39  0.797849652246 -0.031829698852
   40  0.787904095709 -0.033210577310
   41  0.777785116510 -0.034598671963
   42  0.767498809944 -0.035992284217
   43  0.757051372097 -0.037389702623
   44  0.746449096115 -0.038789201541
   45  0.735698368413 -0.040189039715
   46  0.724805664827 -0.041587458811
   47  0.713777546715 -0.042982681944
   48  0.702620657002 -0.044372912246
   49  0.691341716183 -0.045756331504
   50  0.679947518267 -0.047131098911
   51  0.668444926696 -0.048495349983
   52  0.656840870199 -0.049847195655
   53  0.645142338627 -0.051184721617
   54  0.633356378737 -0.052505987919
   55  0.621490089952 -0.053809028870
   56  0.609550620078 -0.055091853273
   57  0.597545161008 -0.056352445025
   58  0.585480944380 -0.057588764091
   59  0.573365237228 -0.058798747898
   60  0.561205337600 -0.059980313141
   61  0.549008570165 -0.061131358036
   62  0.536782281800 -0.062249765010
   63  0.524533837164 -0.063333403845
   64  0.512270614261 -0.064380135272
   65  0.500000000000 -0.065387815001
   66  0.487729385739 -0.066354298192
   67  0.475466162836 -0.067277444337
   68  0.463217718200 -0.068155122536
   69  0.450991429835 -0.068985217149
   70  0.438794662400 -0.069765633789
   71  0.426634762772 -0.070494305612
   72  0.414519055620 -0.071169199889
   73  0.402454838992 -0.071788324787
   74  0.390449379922 -0.072349736347
   75  0.378509910048 -0.072851545574
   76  0.366643621263 -0.073291925618
   77  0.354857661373 -0.073669118967
   78  0.343159129801 -0.073981444618
   79  0.331555073304 -0.074227305143
   80  0.320052481733 -0.074405193616
   81  0.308658283817 -0.074513700323
   82  0.297379342998 -0.074551519201
   83  0.286222453285 -0.074517453958
   84  0.275194335173 -0.074410423799
   85  0.264301631587 -0.074229468715
   86  0.253550903885 -0.073973754276
   87  0.242948627903 -0.073642575882
   88  0.232501190056 -0.073235362416
   89  0.222214883490 -0.072751679274
   90  0.212095904291 -0.072191230703
   91  0.202150347754 -0.071553861446
   92  0.192384204710 -0.070839557637
   93  0.182803357918 -0.070048446939
   94  0.173413578523 -0.069180797902
   95  0.164220522576 -0.068237018518
   96  0.155229727631 -0.067217653987
   97  0.146446609407 -0.066123383676
   98  0.137876458524 -0.064955017281
   99  0.129524437323 -0.063713490212
  100  0.121395576747 -0.062399858214
  101  0.113494773319 -0.061015291244
  102  0.105826786187 -0.059561066651
  103  0.098396234260 -0.058038561673
  104  0.091207593424 -0.056449245321
  105  0.084265193849 -0.054794669675
  106  0.077573217375 -0.053076460657
  107  0.071135695000 -0.051296308341
  108  0.064956504446 -0.049455956857
  109  0.059039367826 -0.047557193952
  110  0.053387849402 -0.045601840296
  111  0.048005353438 -0.043591738576
  112  0.042895122148 -0.041528742484
  113  0.038060233744 -0.039414705653
  114  0.033503600583 -0.037251470624
  115  0.029227967408 -0.035040857931
  116  0.025235909703 -0.032784655372
  117  0.021529832134 -0.030484607535
  118  0.018111967102 -0.028142405682
  119  0.014984373403 -0.025759678033
  120  0.012148934981 -0.023337980536
  121  0.009607359798 -0.020878788195
  122  0.007361178806 -0.018383487001
  123  0.005411745018 -0.015853366549
  124  0.003760232701 -0.013289613374
  125  0.002407636664 -0.010693305068
  126  0.001354771661 -0.008065405214
  127  0.000602271897 -0.005406759183
  128  0.000150590652 -0.002718090812
  129  0.000000000000  0.000000000000
  130  0.000150590652  0.002718090812
  131  0.000602271897  0.005406759183
  132  0.001354771661  0.008065405214
  133  0.002407636664  0.010693305068
  134  0.003760232701  0.013289613374
  135  0.005411745018  0.015853366549
  136  0.007361178806  0.018383487001
  137  0.009607359798  0.020878788195
  138  0.012148934981  0.023337980536
  139  0.014984373403  0.025759678033
  140  0.018111967102  0.028142405682
  141  0.021529832134  0.030484607535
  142  0.025235909703  0.032784655372
  143  0.029227967408  0.035040857931
  144  0.033503600583  0.037251470624
  145  0.038060233744  0.039414705653
  146  0.042895122148  0.041528742484
  147  0.048005353438  0.043591738576
  148  0.053387849402  0.045601840296
  149  0.059039367826  0.047557193952
  150  0.064956504446  0.049455956857
  151  0.071135695000  0.051296308341
  152  0.077573217375  0.053076460657
  153  0.084265193849  0.054794669675
  154  0.091207593424  0.056449245321
  155  0.098396234260  0.058038561673
  156  0.105826786187  0.059561066651
  157  0.113494773319  0.061015291244
  158  0.121395576747  0.062399858214
  159  0.129524437323  0.063713490212
  160  0.137876458524  0.064955017281
  161  0.146446609407  0.066123383676
  162  0.155229727631  0.067217653987
  163  0.164220522576  0.068237018518
  164  0.173413578523  0.069180797902
  165  0.182803357918  0.070048446939
  166  0.192384204710  0.070839557637
  167  0.202150347754  0.071553861446
  168  0.212095904291  0.072191230703
  169  0.222214883490  0.072751679274
  170  0.232501190056  0.073235362416
  171  0.242948627903  0.073642575882
  172  0.253550903885  0.073973754276
  173  0.264301631587  0.074229468715
  174  0.275194335173  0.074410423799
  175  0.286222453285  0.074517453958
  176  0.297379342998  0.074551519201
  177  0.308658283817  0.074513700323
  178  0.320052481733  0.074405193616
  179  0.331555073304  0.074227305143
  180  0.343159129801  0.073981444618
  181  0.354857661373  0.073669118967
  182  0.366643621263  0.073291925618
  183  0.378509910048  0.072851545574
  184  0.390449379922  0.072349736347
  185  0.402454838992  0.071788324787
  186  0.414519055620  0.071169199889
  187  0.426634762772  0.070494305612
  188  0.438794662400  0.069765633789
  189  0.450991429835  0.068985217149
  190  0.463217718200  0.068155122536
  191  0.475466162836  0.067277444337
  192  0.487729385739  0.066354298192
  193  0.500000000000  0.065387815001
  194  0.512270614261  0.064380135272
  195  0.524533837164  0.063333403845
  196  0.536782281800  0.062249765010
  197  0.549008570165  0.061131358036
  198  0.561205337600  0.059980313141
  199  0.573365237228  0.058798747898
  200  0.585480944380  0.057588764091
  201  0.597545161008  0.056352445025
  202  0.609550620078  0.055091853273
  203  0.621490089952  0.053809028870
  204  0.633356378737  0.052505987919
  205  0.645142338627  0.051184721617
  206  0.656840870199  0.049847195655
  207  0.668444926696  0.048495349983
  208  0.679947518267  0.047131098911
  209  0.691341716183  0.045756331504
  210  0.702620657002  0.044372912246
  211  0.713777546715  0.042982681944
  212  0.724805664827  0.041587458811
  213  0.735698368413  0.040189039715
  214  0.746449096115  0.038789201541
  215  0.757051372097  0.037389702623
  216  0.767498809944  0.035992284217
  217  0.777785116510  0.034598671963
  218  0.787904095709  0.033210577310
  219  0.797849652246  0.031829698852
  220  0.807615795290  0.030457723555
  221  0.817196642082  0.029096327830
  222  0.826586421477  0.027747178422
  223  0.835779477424  0.026411933096
  224  0.844770272369  0.025092241084
  225  0.853553390593  0.023789743278
  226  0.862123541476  0.022506072142
  227  0.870475562677  0.021242851346
  228  0.878604423253  0.020001695090
  229  0.886505226681  0.018784207126
  230  0.894173213813  0.017591979467
  231  0.901603765740  0.016426590793
  232  0.908792406576  0.015289604551
  233  0.915734806151  0.014182566757
  234  0.922426782625  0.013107003526
  235  0.928864305000  0.012064418325
  236  0.935043495554  0.011056288995
  237  0.940960632174  0.010084064536
  238  0.946612150598  0.009149161711
  239  0.951994646562  0.008252961467
  240  0.957104877852  0.007396805231
  241  0.961939766256  0.006581991097
  242  0.966496399417  0.005809769939
  243  0.970772032592  0.005081341497
  244  0.974764090297  0.004397850458
  245  0.978470167866  0.003760382578
  246  0.981888032898  0.003169960877
  247  0.985015626597  0.002627541945
  248  0.987851065019  0.002134012394
  249  0.990392640202  0.001690185491
  250  0.992638821194  0.001296798001
  251  0.994588254982  0.000954507275
  252  0.996239767299  0.000663888609
  253  0.997592363336  0.000425432902
  254  0.998645228339  0.000239544630
  255  0.999397728103  0.000106540161
  256  0.999849409348  0.000026646436
  257  1.000000000000 -0.000000000000
