    1  1.000000000000  0.000000000000
    2  0.999849409348 -0.000017764290
    3  0.999397728103 -0.000071026774
    4  0.998645228339 -0.000159696420
    5  0.997592363336 -0.000283621935
    6  0.996239767299 -0.000442592406
    7  0.994588254982 -0.000636338183
    8  0.992638821194 -0.000864532000
    9  0.990392640202 -0.001126790327
   10  0.987851065019 -0.001422674929
   11  0.985015626597 -0.001751694630
   12  0.981888032898 -0.002113307251
   13  0.978470167866 -0.002506921719
   14  0.974764090297 -0.002931900305
   15  0.970772032592 -0.003387560998
   16  0.966496399417 -0.003873179959
   17  0.961939766256 -0.004387994064
   18  0.957104877852 -0.004931203487
   19  0.951994646562 -0.005501974311
   20  0.946612150598 -0.006099441141
   21  0.940960632174 -0.006722709691
   22  0.935043495554 -0.007370859330
   23  0.928864305000 -0.008042945550
   24  0.922426782625 -0.008738002350
   25  0.915734806151 -0.009455044505
   26  0.908792406576 -0.010193069701
   27  0.901603765740 -0.010951060529
   28  0.894173213813 -0.011727986311
   29  0.886505226681 -0.012522804750
   30  0.878604423253 -0.013334463394
   31  0.870475562677 -0.014161900897
   32  0.862123541476 -0.015004048095
   33  0.853553390593 -0.015859828852
   34  0.844770272369 -0.016728160723
   35  0.835779477424 -0.017607955397
   36  0.826586421477 -0.018498118948
   37  0.817196642082 -0.019397551887
   38  0.807615795290 -0.020305149037
   39  0.797849652246 -0.021219799235
   40  0.787904095709 -0.022140384873
   41  0.777785116510 -0.023065781309
   42  0.767498809944 -0.023994856145
   43  0.757051372097 -0.024926468415
   44  0.746449096115 -0.025859467694
   45  0.735698368413 -0.026792693143
   46  0.724805664827 -0.027724972541
   47  0.713777546715 -0.028655121296
   48  0.702620657002 -0.029581941498
   49  0.691341716183 -0.030504221002
   50  0.679947518267 -0.031420732608
   51  0.668444926696 -0.032330233322
   52  0.656840870199 -0.033231463770
   53  0.645142338627 -0.034123147745
   54  0.633356378737 -0.035003991946
   55  0.621490089952 -0.035872685913
   56  0.609550620078 -0.036727902182
   57  0.597545161008 -0.037568296683
   58  0.585480944380 -0.038392509394
   59  0.573365237228 -0.039199165265
   60  0.561205337600 -0.039986875428
   61  0.549008570165 -0.040754238691
   62  0.536782281800 -0.041499843340
   63  0.524533837164 -0.042222269230
   64  0.512270614261 -0.042920090181
   65  0.500000000000 -0.043591876667
   66  0.487729385739 -0.044236198795
   67  0.475466162836 -0.044851629558
   68  0.463217718200 -0.045436748357
   69  0.450991429835 -0.045990144766
   70  0.438794662400 -0.046510422526
   71  0.426634762772 -0.046996203742
   72  0.414519055620 -0.047446133259
   73  0.402454838992 -0.047858883191
   74  0.390449379922 -0.048233157565
   75  0.378509910048 -0.048567697049
   76  0.366643621263 -0.048861283745
   77  0.354857661373 -0.049112745978
   78  0.343159129801 -0.049320963078
   79  0.331555073304 -0.049484870095
   80  0.320052481733 -0.049603462411
   81  0.308658283817 -0.049675800215
   82  0.297379342998 -0.049701012801
   83  0.286222453285 -0.049678302639
   84  0.275194335173 -0.049606949200
   85  0.264301631587 -0.049486312477
   86  0.253550903885 -0.049315836184
   87  0.242948627903 -0.049095050588
   88  0.232501190056 -0.048823574944
   89  0.222214883490 -0.048501119516
   90  0.212095904291 -0.048127487136
   91  0.202150347754 -0.047702574297
   92  0.192384204710 -0.047226371758
   93  0.182803357918 -0.046698964626
   94  0.173413578523 -0.046120531934
   95  0.164220522576 -0.045491345678
   96  0.155229727631 -0.044811769325
   97  0.146446609407 -0.044082255784
   98  0.137876458524 -0.043303344854
   99  0.129524437323 -0.042475660141
  100  0.121395576747 -0.041599905476
  101  0.113494773319 -0.040676860829
  102  0.105826786187 -0.039707377767
  103  0.098396234260 -0.038692374449
  104  0.091207593424 -0.037632830214
  105  0.084265193849 -0.036529779783
  106  0.077573217375 -0.035384307105
  107  0.071135695000 -0.034197538894
  108  0.064956504446 -0.032970637905
  109  0.059039367826 -0.031704795968
  110  0.053387849402 -0.030401226864
  111  0.048005353438 -0.029061159051
  112  0.042895122148 -0.027685828323
  113  0.038060233744 -0.026276470435
  114  0.033503600583 -0.024834313749
  115  0.029227967408 -0.023360571954
  116  0.025235909703 -0.021856436914
  117  0.021529832134 -0.020323071690
  118  0.018111967102 -0.018761603788
  119  0.014984373403 -0.017173118689
  120  0.012148934981 -0.015558653691
  121  0.009607359798 -0.013919192130
  122  0.007361178806 -0.012255658000
  123  0.005411745018 -0.010568911033
  124  0.003760232701 -0.008859742249
  125  0.002407636664 -0.007128870045
  126  0.001354771661 -0.005376936810
  127  0.000602271897 -0.003604506122
  128  0.000150590652 -0.001812060541
  129  0.000000000000  0.000000000000
  130  0.000150590652  0.001812060541
  131  0.000602271897  0.003604506122
  132  0.001354771661  0.005376936810
  133  0.002407636664  0.007128870045
  134  0.003760232701  0.008859742249
  135  0.005411745018  0.010568911033
  136  0.007361178806  0.012255658000
  137  0.009607359798  0.013919192130
  138  0.012148934981  0.015558653691
  139  0.014984373403  0.017173118689
  140  0.018111967102  0.018761603788
  141  0.021529832134  0.020323071690
  142  0.025235909703  0.021856436914
  143  0.029227967408  0.023360571954
  144  0.033503600583  0.024834313749
  145  0.038060233744  0.026276470435
  146  0.042895122148  0.027685828323
  147  0.048005353438  0.029061159051
  148  0.053387849402  0.030401226864
  149  0.059039367826  0.031704795968
  150  0.064956504446  0.032970637905
  151  0.071135695000  0.034197538894
  152  0.077573217375  0.035384307105
  153  0.084265193849  0.036529779783
  154  0.091207593424  0.037632830214
  155  0.098396234260  0.038692374449
  156  0.105826786187  0.039707377767
  157  0.113494773319  0.040676860829
  158  0.121395576747  0.041599905476
  159  0.129524437323  0.042475660141
  160  0.137876458524  0.043303344854
  161  0.146446609407  0.044082255784
  162  0.155229727631  0.044811769325
  163  0.164220522576  0.045491345678
  164  0.173413578523  0.046120531934
  165  0.182803357918  0.046698964626
  166  0.192384204710  0.047226371758
  167  0.202150347754  0.047702574297
  168  0.212095904291  0.048127487136
  169  0.222214883490  0.048501119516
  170  0.232501190056  0.048823574944
  171  0.242948627903  0.049095050588
  172  0.253550903885  0.049315836184
  173  0.264301631587  0.049486312477
  174  0.275194335173  0.049606949200
  175  0.286222453285  0.049678302639
  176  0.297379342998  0.049701012801
  177  0.308658283817  0.049675800215
  178  0.320052481733  0.049603462411
  179  0.331555073304  0.049484870095
  180  0.343159129801  0.049320963078
  181  0.354857661373  0.049112745978
  182  0.366643621263  0.048861283745
  183  0.378509910048  0.048567697049
  184  0.390449379922  0.048233157565
  185  0.402454838992  0.047858883191
  186  0.414519055620  0.047446133259
  187  0.426634762772  0.046996203742
  188  0.438794662400  0.046510422526
  189  0.450991429835  0.045990144766
  190  0.463217718200  0.045436748357
  191  0.475466162836  0.044851629558
  192  0.487729385739  0.044236198795
  193  0.500000000000  0.043591876667
  194  0.512270614261  0.042920090181
  195  0.524533837164  0.042222269230
  196  0.536782281800  0.041499843340
  197  0.549008570165  0.040754238691
  198  0.561205337600  0.039986875428
  199  0.573365237228  0.039199165265
  200  0.585480944380  0.038392509394
  201  0.597545161008  0.037568296683
  202  0.609550620078  0.036727902182
  203  0.621490089952  0.035872685913
  204  0.633356378737  0.035003991946
  205  0.645142338627  0.034123147745
  206  0.656840870199  0.033231463770
  207  0.668444926696  0.032330233322
  208  0.679947518267  0.031420732608
  209  0.691341716183  0.030504221002
  210  0.702620657002  0.029581941498
  211  0.713777546715  0.028655121296
  212  0.724805664827  0.027724972541
  213  0.735698368413  0.026792693143
  214  0.746449096115  0.025859467694
  215  0.757051372097  0.024926468415
  216  0.767498809944  0.023994856145
  217  0.777785116510  0.023065781309
  218  0.787904095709  0.022140384873
  219  0.797849652246  0.021219799235
  220  0.807615795290  0.020305149037
  221  0.817196642082  0.019397551887
  222  0.826586421477  0.018498118948
  223  0.835779477424  0.017607955397
  224  0.844770272369  0.016728160723
  225  0.853553390593  0.015859828852
  226  0.862123541476  0.015004048095
  227  0.870475562677  0.014161900897
  228  0.878604423253  0.013334463394
  229  0.886505226681  0.012522804750
  230  0.894173213813  0.011727986311
  231  0.901603765740  0.010951060529
  232  0.908792406576  0.010193069701
  233  0.915734806151  0.009455044505
  234  0.922426782625  0.008738002350
  235  0.928864305000  0.008042945550
  236  0.935043495554  0.007370859330
  237  0.940960632174  0.006722709691
  238  0.946612150598  0.006099441141
  239  0.951994646562  0.005501974311
  240  0.957104877852  0.004931203487
  241  0.961939766256  0.004387994064
  242  0.966496399417  0.003873179959
  243  0.970772032592  0.003387560998
  244  0.974764090297  0.002931900305
  245  0.978470167866  0.002506921719
  246  0.981888032898  0.002113307251
  247  0.985015626597  0.001751694630
  248  0.987851065019  0.001422674929
  249  0.990392640202  0.001126790327
  250  0.992638821194  0.000864532000
  251  0.994588254982  0.000636338183
  252  0.996239767299  0.000442592406
  253  0.997592363336  0.000283621935
  254  0.998645228339  0.000159696420
  255  0.999397728103  0.000071026774
  256  0.999849409348  0.000017764290
  257  1.000000000000 -0.000000000000
